Best cutoff is: 4800

F1 coefficients: 
510 -20.7 86.9 53.5 -48.3 63 -33.8 0.9 13.4 2.6 36.3 27.8 29.9 19.1 15.9 50.5 15.2 4.4 55.7 0.1 10.4 -14.3 -20.8 -14.1 -1.5 -2.8 3.6 14.7 -4.3 -7.8 6.7 0.4 3.4
F2 coefficients: 
1503.9 163.3 -151.8 -119.8 55.6 -25 32.5 95.9 -28.3 -127.9 148.3 25.7 -19.4 11.5 -37.3 60.7 -33.7 -34.7 53.9 14.1 -34.1 -47.2 9 85 -24.1 -65.2 5.6 36.3 10.8 -19.3 -29.7 46.5 -26.4
F3 coefficients: 
2348.5 17.3 -7.1 -36.5 -13.8 54.5 -89.4 86 -41.3 -9.5 46.8 60.3 -37.7 -10.2 -47.5 -18.6 8 -11.1 63.7 0 -10.5 -62.3 1.2 -22.7 -35.3 -24.8 8.6 32 -3.3 -25 -6.8 3.6 -29
F4 coefficients: 
3311.5 0.5 -115.1 58.3 -74.5 90.7 36.7 60.6 -35.4 35.3 25.6 18.8 -74.5 -29.7 -18.8 53.3 36.5 19.9 49.3 -32.4 -6.3 -80.3 82 18.4 9.1 -78 -0.5 25.7 50.5 33.8 -2.4 3.9 -19.4

The first number in each row (the intercept) is a good estimate of the
frequency of the formant at the analysis midpoint. The second number indicates
its linear slope, the third its quadratic component (u-shapedness), ... etc.
