Best cutoff is: 4400

F1 coefficients: 
513.6 54.3 38 -3.2 -36.8 -68.8 -18.7 -73.8 47.3 69.5 -30.6 59.5 -7.1 2.8 -9 -52.4 -19.3 -36.6 37.2 22.6 1.2 12.5 14.1 29.3 -12.8 -27.5 -3.7 18.1 -29.9 -13 6.6 44.8 33.3
F2 coefficients: 
1453 5.9 -14 16.2 -87.6 -129.8 -104 95.5 69.7 -35 -32.2 53.6 58.8 52.8 63 -154.3 -68.1 45.5 60.7 8.3 17.7 25.9 57.9 -33.1 -6.4 12.9 -71 -65.8 13.9 5 3.5 -8.6 7.1
F3 coefficients: 
2166.8 122.7 -89.9 -69.2 -90.5 -110.4 -102.5 42.8 93.4 49.1 -33 69.7 28.2 18.5 75 -78.9 -109.2 49.8 -6.5 -28.6 50.7 18.8 39.7 19.4 -22.4 -17.2 -42.3 -24.2 -13.5 10.7 -10.1 -8.4 28.4
F4 coefficients: 
2976.5 29.3 -128.2 29.3 -97.7 -102.6 2.2 -3.9 -21.2 59.9 74.8 56.9 1.7 49.4 -8.1 -105.1 -0.7 -33.4 0.8 -10.6 66.4 -6.3 -11.6 48.6 -24.7 -35.2 7.9 -20.8 -23.6 -10.6 -19.6 71.2 -4.7

The first number in each row (the intercept) is a good estimate of the
frequency of the formant at the analysis midpoint. The second number indicates
its linear slope, the third its quadratic component (u-shapedness), ... etc.
