Best cutoff is: 4600

F1 coefficients: 
620.2 44.8 104.8 57.2 6.9 70 -47.4 19.9 23.8 2.1 -4.4 3.8 14.4 -22.4 28.5 -26.4 -26.9 39.4 -62.7 -17.5 -25.5 -5.9 -39.2 -24.1 10.1 -4.5 -30.9 -28.3 44.8 20.1 2.9 -5.7 14.7
F2 coefficients: 
1261.8 -20.7 111.2 70.4 47.3 13.5 15.8 -17.6 -58.7 39.1 40 16.8 29.9 30.8 -31.3 9.5 29.7 -57.9 -41 9.7 -45.4 -4.6 -11.3 -15.6 4.3 -20.5 -31.8 -29.9 -18.7 -27.2 10.6 3.1 11.4
F3 coefficients: 
1984.7 18.4 238.5 93.8 5.6 -49.8 -0.5 -39 48.7 10.2 -4.1 -11.2 76.4 41.4 -47.4 6.9 -24.7 -62.3 -3.4 -4.9 -24.4 15.6 -36 -72 -31.7 5 77.4 59.7 -31.6 -90.3 -33.6 19 41.1
F4 coefficients: 
2933.6 -57.5 339.3 115.8 -14.3 41.6 -85.6 -61.3 148.7 56.7 1.8 31.5 -34.6 90.7 -68.6 17.9 -41.8 -71.9 -28.7 -19.4 -42.9 39.9 -22.4 -84.8 -7.8 -9.1 15.7 53.4 51.6 -83.8 -11.6 -29 52

The first number in each row (the intercept) is a good estimate of the
frequency of the formant at the analysis midpoint. The second number indicates
its linear slope, the third its quadratic component (u-shapedness), ... etc.
