Best cutoff is: 4200

F1 coefficients: 
537.3 73.7 19.6 -21.6 -1.6 -25.1 -37.8 -2.7 4.5 -3.8 36.2 -42.7 25.3 -33.6 8.3 -22.4 8.9 5 -10.9 -13.3 -5.9 16.8 -9.7 13.2 -48.6 13.7 4.6 17.6 47.3 -40.8 -43.3 28.9 -17.9
F2 coefficients: 
1271.8 39.8 101.5 -16.6 -36.3 54.7 -47.4 -36.4 45.2 6.2 14.9 -25.2 -22 27.6 10.7 17.2 25.6 -48.3 -49.4 -6.9 76.4 22.5 -34.9 -2.3 -75.5 1.2 -1 29.2 44.7 -16.1 49.6 -54.3 -75.6
F3 coefficients: 
2002.1 13 96.3 12.7 -102.5 79.1 -0.9 -50.4 44.8 1.8 19.9 27.2 -38.2 2.8 82.4 -12.9 55.2 -85.5 -64 34.6 113 10.7 -37.2 23.2 -137.4 81.9 43.8 -18.7 -49.7 34.1 141.8 -50.2 -100.6
F4 coefficients: 
2954 -33.5 -127.1 -3.5 -42.7 70.8 -19.5 11.1 -0.1 2 57.5 -67.7 -66.7 36.9 23.1 29 -2.8 -18.2 -30.8 -36.8 50.2 -1.2 -13.4 -38.2 -64.3 47.3 24.2 45 -10.4 -15.7 50.4 -12.4 -53.9

The first number in each row (the intercept) is a good estimate of the
frequency of the formant at the analysis midpoint. The second number indicates
its linear slope, the third its quadratic component (u-shapedness), ... etc.
