Best cutoff is: 4200

F1 coefficients: 
588.2 70.4 83.3 35.6 100.1 -3.5 55.7 -37.1 34.1 -25.1 7.3 -48.8 -25.8 -34.2 0.1 -43.7 -43.7 20.1 -5.3 -48 14.1 -25.1 4.4 32.2 26.1 -16.3 -17.3 -13 -19.4 5.8 -7.4 -34.6 -6.1
F2 coefficients: 
1230.9 -66 -83.5 109.3 -60.8 -14.4 25.8 -141.5 38.7 44.8 81.1 -5.3 28.6 40 -77 100.1 15.6 7.8 45.7 -72.6 30.9 -12.6 -37.7 80.3 25.5 85.8 -19.2 -51.5 6.4 37.6 -50.8 -39.5 -30.3
F3 coefficients: 
1919.6 25.1 90.4 177.4 100.7 45.9 155 -50.4 87.9 1.6 58.1 -106.3 -35.2 -64.2 -79.9 -42.8 -17.1 -123.5 22.7 -29.9 16.3 -47.5 -38.5 -4.3 45.5 115.2 17.5 -79.5 26.2 5.9 -26.1 -24.9 -47
F4 coefficients: 
3010.8 194 191.3 122.2 166.5 25.5 153 -16.7 67.5 -60.3 -29.8 -142.9 5.3 -113 -58 -127.3 -67.5 -141.8 8.5 -123.8 61.2 -84.9 -4.9 -20.3 36 7.4 -6.9 -23.3 38.2 -41.7 -9.8 -69.6 28.2

The first number in each row (the intercept) is a good estimate of the
frequency of the formant at the analysis midpoint. The second number indicates
its linear slope, the third its quadratic component (u-shapedness), ... etc.
