Best cutoff is: 4200

F1 coefficients: 
528.6 -33.8 111.3 47.9 62.5 21 30.8 77.5 -58.5 -1.9 9.6 60.1 12.3 8.4 71.2 -35.6 23.2 10.9 38 3.5 16.5 -9.1 -37.1 1.8 34.8 -22.6 -44.9 -18 -23.6 -11 27.9 10.5 -20.3
F2 coefficients: 
1388 19.8 51.3 -82.9 19 13.2 112.9 42.4 -45 123.7 14.7 -61.1 1.2 -3.7 -32.4 -46.1 28.3 72.2 90.2 45.4 -28.1 4.5 -32.6 -86.3 -61.4 -37.3 45.3 -2.5 5.5 -24.9 1 -3.5 -41
F3 coefficients: 
2171.3 48.6 46.7 -52.9 76.2 -70.1 -4.2 74.8 -183 -24.1 84.8 62.1 8.4 15.5 46.9 -23.1 -22.7 3.6 75.6 -9.3 -106.1 25.1 -12.6 -119.8 -67.2 41.5 42.4 -82.1 -38 -29.6 23.1 -12 -26.7
F4 coefficients: 
2947.4 55.9 101.7 -85.3 103 30.4 -55.4 47.3 -111.7 -23.3 71.4 60.5 13.1 80.8 56.2 -48 2.7 3.6 38.5 -4 -15.5 31.9 -98.6 -80 -1.4 -0.9 52.6 -23.4 -74.8 -85.7 33.7 6.5 -52.8

The first number in each row (the intercept) is a good estimate of the
frequency of the formant at the analysis midpoint. The second number indicates
its linear slope, the third its quadratic component (u-shapedness), ... etc.
