Best cutoff is: 4600

F1 coefficients: 
590.7 119.4 159.1 50 64 -25.9 0.8 -33.5 -92.5 -6.7 -140.3 -87.6 48.6 71.1 85 -11.7 62.4 50.6 -0.4 -60.3 44.1 14.9 -28.2 -65 -74.3 0.9 36.3 9.6 3 82.1 58.8 33.8 38
F2 coefficients: 
1510.9 190 178.6 -34.9 148.6 -52.1 -70.6 67.5 -130.8 -135.7 13.7 23.5 4.9 54.9 11 -41.7 6.2 109.2 -14.8 -82.4 -16.8 34.3 -89.7 -85.1 30.7 39.8 19.5 -21.4 -11.6 35.6 7.3 26.6 35.7
F3 coefficients: 
2285.3 116.4 48.6 -40.4 91.7 -8.3 -105.1 122.5 -50.8 -145.5 30.9 -30.7 -26.6 61.6 100.5 65 -7.7 66.8 15.6 -46.4 22.5 85.4 22.1 -71.9 -32 -13.8 18.1 41.2 40.2 30.2 -0.1 27.2 18.3
F4 coefficients: 
3069.3 67.1 112.8 95.5 28.9 -52.1 5.6 119.9 -73.8 -46.7 49.4 -89 48.5 -27.9 24.5 62.3 23.4 77.5 92.7 -85.7 10.7 120 -28.6 -111.8 -15.8 -25 8.6 -15.6 49.1 65.7 -7.7 22.5 33

The first number in each row (the intercept) is a good estimate of the
frequency of the formant at the analysis midpoint. The second number indicates
its linear slope, the third its quadratic component (u-shapedness), ... etc.
