Best cutoff is: 5800

F1 coefficients: 
624.8 -12.4 107 41.2 69.8 1.2 -11.8 2.6 53.4 -25.2 -2.2 10.2 11.9 -39.8 6.4 -9.5 14.8 25.6 -46.5 58.3 -5.9 14.3 10.5 71.8 -37.2 34 -21.7 -29.5 -46.6 -14.1 8.9 -19.1 10.8
F2 coefficients: 
1696 147.4 186.9 7.3 45 109.7 141 -206.9 -223.8 -137.6 178.8 42.8 -125 41.4 -221.8 -13.7 165.1 -42.3 57.7 148.6 -56.7 -142.1 -81.2 17.6 -243.3 51.2 104.1 67.8 62.7 -2.4 78.2 5.5 44.1
F3 coefficients: 
2762 63.1 81.6 -21.6 -4.6 -34.8 55.9 -108.1 -12 28.7 -6.1 28.4 -80.4 144.2 -90.5 31.1 46.5 -39.3 27 0.5 62.6 27.2 -81.3 38.5 -166.1 -2 -30.6 -37.5 -24.8 12.9 115.9 -13.2 5.1
F4 coefficients: 
3930.2 57.9 -59.5 -43 -12.7 36.2 -55.4 -25.6 -1.9 -9.8 75.2 -21.1 -120.5 77 -81.5 -19.8 54.3 86.6 35.5 -27.1 72.1 6 -32.2 16.5 -260.7 31.4 -61.8 -30.1 6 10.2 152.6 -32.9 35.8

The first number in each row (the intercept) is a good estimate of the
frequency of the formant at the analysis midpoint. The second number indicates
its linear slope, the third its quadratic component (u-shapedness), ... etc.
