Best cutoff is: 4600

F1 coefficients: 
604 -62.2 187.1 -85.2 98 -57.5 3.2 20.2 -42.8 18.7 -39.9 -21.6 63.6 -7.1 45.3 28.9 0.4 33.3 -48.3 40.3 6.5 -5 -10.3 -52.9 31.2 27.3 -31.1 20 -49.5 8.5 -42.9 104.4 25.5
F2 coefficients: 
1369.5 -45.4 268.8 -99.4 52.4 53.1 -138.2 -33.6 147.9 -13.8 -29.2 -66.5 -29.5 -49 -20.9 17.7 24.3 -7.9 -0.7 78 -18.9 -23.8 -35.4 -116.7 35.5 79.4 -22.6 59.5 -85.1 -45 -71.2 51.9 62.3
F3 coefficients: 
2294.5 -58.1 125.1 -112.9 44.6 -23.8 2.8 -6.5 -60.3 -25.5 31.6 -25.7 54.5 -29.6 -37.6 -32.2 -13.6 33 -76.1 -15.1 51.1 7.3 -19.5 -48.6 -2.9 13.5 -17.2 54.4 -56.1 -5.3 -58.9 111.2 54
F4 coefficients: 
3139.7 15.1 194.8 -78.5 -29.5 -29.6 27.1 -30 -36.6 -43.6 30.6 -12.5 92 62.8 -71 -26.2 120.7 91 -130 11.8 25.9 -49.6 -29.2 -61.2 38.7 73.3 -68.2 30.2 -50.8 -38.7 -47.6 126.4 37.6

The first number in each row (the intercept) is a good estimate of the
frequency of the formant at the analysis midpoint. The second number indicates
its linear slope, the third its quadratic component (u-shapedness), ... etc.
