Best cutoff is: 4800

F1 coefficients: 
543.7 -66.5 83 -6.5 79.7 -2 6.3 -62.1 87.7 -1.2 27 20.9 22.6 26.2 29.2 -73.9 -22.1 -0.2 -22.1 -49.3 0.9 39.4 35.1 -2.4 -0.4 33.3 -3.5 -27 15.8 -12.7 24 -3.3 46.3
F2 coefficients: 
1230.2 -65.8 130 32.1 109.1 -92.9 -47.1 24.4 -12.5 13 67.1 -41.7 41 76.2 -46.7 -56.5 43.7 59.1 -81.1 52.4 -25.1 -38.4 78.7 7.4 15.2 93.9 -7.2 -97.1 -26.3 11.5 15.1 7.2 88.9
F3 coefficients: 
2079.9 67.9 268.7 -74.6 126.3 -124.6 34.3 73.7 -136.6 27 35.4 -81.6 113.2 66.4 -104.6 -24.1 62.1 100.3 -74.2 -25 -76.5 20.9 83.1 -2.8 -5 227.6 -64 -159.3 -43.3 20.6 50.5 13.4 25.3
F4 coefficients: 
3018.2 -13.5 142.3 50.8 125.4 -167.7 17.9 81.4 -63.2 50 32.7 8.6 81.9 68.3 -54.4 -48.2 60.1 61 -86.5 -18.1 -74 55.6 -13.5 24 40.3 109.3 -35.4 -64.8 -47.4 46.4 44.6 -12.7 44.2

The first number in each row (the intercept) is a good estimate of the
frequency of the formant at the analysis midpoint. The second number indicates
its linear slope, the third its quadratic component (u-shapedness), ... etc.
